"depth_top_mm" "BestAD_CRS" "MinAD_CRS" "MaxAD_CRS" "SAR_CRS_mm.yr" "SAR_CRS_err_mm.yr"
0 2022 2022 2022 0 0
5 2020.79031132673 2020.49826022125 2021.08236243221 0.747309449983091 0.207357677154287
10 2019.58062265345 2018.99652044249 2020.16472486441 1.49461889996618 0.414715354308573
15 2018.37093398018 2017.49478066374 2019.24708729662 2.24192834994927 0.62207303146286
20 2017.16124530691 2015.99304088499 2018.32944972883 2.98923779993236 0.829430708617147
25 2015.28601709982 2013.85734200158 2016.71469219805 2.66437463938729 0.737292198027369
30 2013.41078889273 2011.72164311818 2015.09993466727 2.33951147884222 0.645153687437592
35 2011.53556068564 2009.58594423478 2013.48517713649 2.01464831829714 0.553015176847814
40 2009.66033247854 2007.45024535137 2011.87041960572 1.68978515775207 0.460876666258037
45 2005.9710504676 2003.33465910989 2008.60744182531 1.57833609195629 0.43733820755718
50 2002.28176845665 1999.21907286841 2005.3444640449 1.46688702616051 0.413799748856324
55 1998.59248644571 1995.10348662693 2002.08148626449 1.35543796036473 0.390261290155467
60 1994.90320443476 1990.98790038545 1998.81850848408 1.24398889456896 0.36672283145461
65 1989.33257113046 1984.7861627741 1993.87897948683 1.39211511257417 0.46299198423916
70 1983.76193782616 1978.58442516275 1988.93945048957 1.54024133057938 0.55926113702371
75 1978.19130452186 1972.3826875514 1983.99992149232 1.6883675485846 0.65553028980826
80 1972.62067121756 1966.18094994005 1979.06039249507 1.83649376658981 0.751799442592811
85 1969.29690570365 1962.29096421177 1976.30284719552 2.12997999912518 0.962933118164172
90 1965.97314018974 1958.4009784835 1973.54530189598 2.42346623166054 1.17406679373553
95 1962.64937467582 1954.51099275522 1970.78775659643 2.7169524641959 1.38520046930689
100 1959.32560916191 1950.62100702694 1968.03021129688 3.01043869673127 1.59633414487826
105 1957.46523991266 1948.29528329473 1966.63519653059 3.38914250888893 2.0959273528633
110 1955.60487066341 1945.96955956253 1965.2401817643 3.7678463210466 2.59552056084835
115 1953.74450141417 1943.64383583032 1963.84516699801 4.14655013320426 3.0951137688334
120 1951.88413216492 1941.31811209811 1962.45015223172 4.52525394536192 3.59470697681844
125 1950.69557265274 1939.80403187828 1961.58711342719 4.13680562970888 3.15031652098165
130 1949.50701314056 1938.28995165846 1960.72407462266 3.74835731405583 2.70592606514485
135 1948.31845362838 1936.77587143863 1959.86103581813 3.35990899840278 2.26153560930806
140 1947.1298941162 1935.2617912188 1958.9979970136 2.97146068274973 1.81714515347126
145 1946.5006032512 1934.39775835389 1958.6034481485 2.2285955120623 1.36285886510345
150 1945.87131238619 1933.53372548899 1958.20889928339 1.48573034137487 0.908572576735632
155 1945.24202152118 1932.66969262408 1957.81435041829 0.742865170687433 0.454286288367816
160 1944.61273065618 1931.80565975918 1957.41980155318 0 0
165 1944.61273065618 1931.80565975918 1957.41980155318 0.18156620837032 0.176640970528233
170 1944.61273065618 1931.80565975918 1957.41980155318 0.36313241674064 0.353281941056465
175 1944.61273065618 1931.80565975918 1957.41980155318 0.54469862511096 0.529922911584698
180 1944.61273065618 1931.80565975918 1957.41980155318 0.72626483348128 0.706563882112931
185 1944.61273065618 1931.80565975918 1957.41980155318 0.907831041851599 0.883204852641163
190 1944.61273065618 1931.80565975918 1957.41980155318 1.08939725022192 1.0598458231694
195 1944.61273065618 1931.80565975918 1957.41980155318 1.27096345859224 1.23648679369763
200 1944.61273065618 1931.80565975918 1957.41980155318 1.45252966696256 1.41312776422586
205 1943.98343979117 1930.94162689427 1957.02525268808 1.71800207992356 1.73196895370552
210 1943.35414892617 1930.07759402936 1956.63070382297 1.98347449288455 2.05081014318519
215 1942.72485806116 1929.21356116446 1956.23615495786 2.24894690584555 2.36965133266485
220 1942.09556719616 1928.34952829955 1955.84160609276 2.51441931880655 2.68849252214451
225 1941.46627633115 1927.48549543465 1955.44705722765 3.40578444112571 4.39162280137613
230 1940.83698546614 1926.62146256974 1955.05250836255 4.29714956344487 6.09475308060775
235 1940.20769460114 1925.75742970483 1954.65795949744 5.18851468576403 7.79788335983938
240 1939.57840373613 1924.89339683993 1954.26341063234 6.07987980808319 9.501013639071
245 1937.64174722401 1922.2478031744 1953.03569127362 5.30698168464397 7.99915755677358
250 1935.70509071189 1919.60220950887 1951.80797191491 4.53408356120475 6.49730147447616
255 1933.76843419977 1916.95661584334 1950.5802525562 3.76118543776553 4.99544539217873
260 1931.83177768765 1914.31102217781 1949.35253319748 2.98828731432631 3.49358930988131
265 1929.5475231925 1910.99846601259 1948.09658037241 6.1067885633131 60.0471451156655
270 1927.26326869735 1907.68590984737 1946.84062754734 9.2252898122999 116.60070092145
275 1924.97901420221 1904.37335368215 1945.58467472226 12.3437910612867 173.154256727234
280 1922.69475970706 1901.06079751693 1944.32872189719 15.4622923102735 229.707812533018
285 1921.82722599981 1899.68754143666 1943.96691056296 11.5967192327051 172.280859399764
290 1920.95969229256 1898.31428535639 1943.60509922873 7.73114615513674 114.853906266509
295 1920.09215858531 1896.94102927613 1943.2432878945 3.86557307756837 57.4269531332546
300 1919.22462487806 1895.56777319586 1942.88147656027 0 0
305 1919.22462487806 1895.56777319586 1942.88147656027 0.016499076208187 0.017493447138291
310 1919.22462487806 1895.56777319586 1942.88147656027 0.0329981524163741 0.0349868942765819
315 1919.22462487806 1895.56777319586 1942.88147656027 0.0494972286245611 0.0524803414148729
320 1919.22462487806 1895.56777319586 1942.88147656027 0.0659963048327482 0.0699737885531638
325 1919.22462487806 1895.56777319586 1942.88147656027 0.0824953810409352 0.0874672356914548
330 1919.22462487806 1895.56777319586 1942.88147656027 0.0989944572491222 0.104960682829746
335 1919.22462487806 1895.56777319586 1942.88147656027 0.115493533457309 0.122454129968037
340 1919.22462487806 1895.56777319586 1942.88147656027 0.131992609665496 0.139947577106328
345 1919.22462487806 1895.56777319586 1942.88147656027 0.148491685873683 0.157441024244619
350 1919.22462487806 1895.56777319586 1942.88147656027 0.16499076208187 0.17493447138291
355 1919.22462487806 1895.56777319586 1942.88147656027 0.181489838290057 0.192427918521201
360 1919.22462487806 1895.56777319586 1942.88147656027 0.197988914498244 0.209921365659491
365 1919.22462487806 1895.56777319586 1942.88147656027 0.214487990706431 0.227414812797782
370 1919.22462487806 1895.56777319586 1942.88147656027 0.230987066914619 0.244908259936073
375 1919.22462487806 1895.56777319586 1942.88147656027 0.247486143122806 0.262401707074364
380 1919.22462487806 1895.56777319586 1942.88147656027 0.263985219330993 0.279895154212655
385 1919.22462487806 1895.56777319586 1942.88147656027 0.28048429553918 0.297388601350946
390 1919.22462487806 1895.56777319586 1942.88147656027 0.296983371747367 0.314882048489237
395 1919.22462487806 1895.56777319586 1942.88147656027 0.313482447955554 0.332375495627528
400 1919.22462487806 1895.56777319586 1942.88147656027 0.329981524163741 0.349868942765819
405 1919.22462487806 1895.56777319586 1942.88147656027 0.346480600371928 0.36736238990411
410 1919.22462487806 1895.56777319586 1942.88147656027 0.362979676580115 0.384855837042401
415 1919.22462487806 1895.56777319586 1942.88147656027 0.379478752788302 0.402349284180692
420 1919.22462487806 1895.56777319586 1942.88147656027 0.395977828996489 0.419842731318983
425 1919.22462487806 1895.56777319586 1942.88147656027 0.412476905204676 0.437336178457274
430 1919.22462487806 1895.56777319586 1942.88147656027 0.428975981412863 0.454829625595565
435 1919.22462487806 1895.56777319586 1942.88147656027 0.44547505762105 0.472323072733856
440 1919.22462487806 1895.56777319586 1942.88147656027 0.461974133829237 0.489816519872147
445 1919.22462487806 1895.56777319586 1942.88147656027 0.478473210037424 0.507309967010438
450 1919.22462487806 1895.56777319586 1942.88147656027 0.494972286245611 0.524803414148729
455 1919.22462487806 1895.56777319586 1942.88147656027 0.511471362453798 0.54229686128702
460 1919.22462487806 1895.56777319586 1942.88147656027 0.527970438661985 0.559790308425311
465 1917.34872492285 1892.32135994836 1942.37608989734 0.871047117601984 2.26906208579084
470 1915.47282496763 1889.07494670086 1941.87070323441 1.21412379654198 3.97833386315636
475 1913.59692501242 1885.82853345336 1941.36531657148 1.55720047548198 5.68760564052189
480 1911.7210250572 1882.58212020586 1940.85992990854 1.90027715442198 7.39687741788741
485 1911.7210250572 1882.58212020586 1940.85992990854 1.58062203186132 5.82429338935206
490 1911.7210250572 1882.58212020586 1940.85992990854 1.26096690930065 4.25170936081672
495 1911.7210250572 1882.58212020586 1940.85992990854 0.941311786739988 2.67912533228137
500 1911.7210250572 1882.58212020586 1940.85992990854 0.621656664179323 1.10654130374602
